1.000000000000000000e+00
9.400000000000000000e+01
1.949999999999999956e+00
1.150000000000000000e+02
3.945312500000000000e+01
1.000000000000000000e+00
1.000000000000000000e+00
1.000000000000000000e+00
1.000000000000000000e+00
1.000000000000000000e+00
1.000000000000000000e+00
1.000000000000000000e+00
1.000000000000000000e+00
1.000000000000000000e+00
1.000000000000000000e+00
2.000000000000000000e+00
1.000000000000000000e+00
1.850000000000000000e+02
1.260000000000000000e+02
1.180000000000000000e+02
8.260000000000000000e+02
6.830000000000000000e+02
1.840000000000000000e+02
1.770000000000000000e+02
5.900000000000000000e+01
5.900000000000000000e+01
4.285000000000000000e+02
3.141000000000000227e+02
2.505000000000000071e+01
3.434000000000000341e+01
8.240000000000000000e+02
2.228000000000000000e+03
6.400000000000000000e+02
6.880000000000000000e+02
4.000000000000000000e+00
3.010000000000000000e+03
5.200000000000000000e+03
4.000000000000000000e+03
1.000000000000000000e+00
1.000000000000000000e+00
1.000000000000000000e+00
1.000000000000000000e+00
1.000000000000000000e+00
1.000000000000000000e+00
5.000000000000000000e+00
