1.000000000000000000e+00
9.400000000000000000e+01
1.949999999999999956e+00
1.175000000000000000e+02
3.569303985999999895e+01
1.000000000000000000e+00
1.000000000000000000e+00
1.000000000000000000e+00
1.000000000000000000e+00
1.000000000000000000e+00
1.000000000000000000e+00
1.000000000000000000e+00
1.000000000000000000e+00
1.000000000000000000e+00
1.000000000000000000e+00
2.000000000000000000e+00
1.000000000000000000e+00
1.900000000000000000e+02
1.550000000000000000e+02
1.200000000000000000e+02
1.091000000000000000e+03
9.670000000000000000e+02
1.800000000000000000e+02
1.770000000000000000e+02
7.400000000000000000e+01
5.900000000000000000e+01
4.246000000000000227e+02
3.141000000000000227e+02
2.762999999999999901e+01
1.197600000000000051e+02
8.890000000000000000e+02
7.740000000000000000e+02
1.183000000000000000e+03
9.140000000000000000e+02
4.000000000000000000e+00
8.100000000000000000e+03
5.000000000000000000e+03
4.000000000000000000e+03
1.000000000000000000e+00
1.000000000000000000e+00
1.000000000000000000e+00
1.000000000000000000e+00
1.000000000000000000e+00
1.000000000000000000e+00
5.000000000000000000e+00
4.000000000000000000e+00
